%MVA Base for Per Unit Calc:
Sb=100;

%busdata:
%Format:
%   BUS    BUS    MW   MVAR        Sub   Base  Zone
%   NAME   TYPE  LOAD  LOAD GL BL  Area  kV    #
nodedata=[
    101     2    108   22   0  0   11   138   11
    102     2     97   20   0  0   11   138   12
    103     1    180   37   0  0   11   138   11
    104     1     74   15   0  0   11   138   11
    105     1     71   14   0  0   11   138   11
    106     1    136   28   0 1.00 11   138   12
    107     2    125   25   0  0   11   138   12
    108     1    171   35   0  0   11   138   12
    109     1    175   36   0  0   11   138   13
    110     1    195   40   0  0   11   138   13
    111     1      0    0   0  0   11   230   13
    112     1      0    0   0  0   11   230   13
    113     3    265   54   0  0   12   230   14
    114     2    194   39   0  0   12   230   16
    115     2    317   64   0  0   12   230   16
    116     2    100   20   0  0   12   230   16
    117     1      0    0   0  0   12   230   17
    118     2    333   68   0  0   12   230   17
    119     1    181   37   0  0   12   230   15
    120     1    128   26   0  0   12   230   15
    121     2      0    0   0  0   12   230   17
    122     2      0    0   0  0   12   230   17
    123     2      0    0   0  0   12   230   15
    124     1      0    0   0  0   12   230   16
    201     2    108   22   0  0   21   138   21
    202     2     97   20   0  0   21   138   22
    203     1    180   37   0  0   21   138   21
    204     1     74   15   0  0   21   138   21
    205     1     71   14   0  0   21   138   21
    206     1    136   28   0 1.00 21   138   22
    207     2    125   25   0  0   21   138   22
    208     1    171   35   0  0   21   138   22
    209     1    175   36   0  0   21   138   23
    210     1    195   40   0  0   21   138   23
    211     1      0    0   0  0   21   230   23
    212     1      0    0   0  0   21   230   23
    213     2    265   54   0  0   22   230   24
    214     2    194   39   0  0   22   230   26
    215     2    317   64   0  0   22   230   26
    216     2    100   20   0  0   22   230   26
    217     1      0    0   0  0   22   230   27
    218     2    333   68   0  0   22   230   27
    219     1    181   37   0  0   22   230   25
    220     1    128   26   0  0   22   230   25
    221     2      0    0   0  0   22   230   27
    222     2      0    0   0  0   22   230   27
    223     2      0    0   0  0   22   230   25
    224     1      0    0   0  0   22   230   26
    301     2    108   22   0  0   31   138   31
    302     2     97   20   0  0   31   138   32
    303     1    180   37   0  0   31   138   31
    304     1     74   15   0  0   31   138   31
    305     1     71   14   0  0   31   138   31
    306     1    136   28   0 1.00 31   138   32
    307     2    125   25   0  0   31   138   32
    308     1    171   35   0  0   31   138   32
    309     1    175   36   0  0   31   138   33
    310     1    195   40   0  0   31   138   33
    311     1      0    0   0  0   31   230   33
    312     1      0    0   0  0   31   230   33
    313     2    265   54   0  0   32   230   34
    314     2    194   39   0  0   32   230   36
    315     2    317   64   0  0   32   230   36
    316     2    100   20   0  0   32   230   36
    317     1      0    0   0  0   32   230   37
    318     2    333   68   0  0   32   230   37
    319     1    181   37   0  0   32   230   35
    320     1    128   26   0  0   32   230   35
    321     2      0    0   0  0   32   230   37
    322     2      0    0   0  0   32   230   37
    323     2      0    0   0  0   32   230   35
    324     1      0    0   0  0   32   230   36
    325     1      0    0   0  0   32   230   35
];
nodedata(:,3:4)=nodedata(:,3:4)/Sb;

%gendata
%Format:
%   Bus    ID    PG    QG      Qmax    Qmin   VS
%   ID     #     MW    MVAR    MVAR    MVAR   pu
gendata=[
    101     1    10     0       10       0    1.035
    101     2    10     0       10       0    1.035
    101     3    76    14.1     30     -25    1.035
    101     4    76    14.1     30     -25    1.035
    102     1    10     0       10       0    1.035
    102     2    10     0       10       0    1.035
    102     3    76     7.0     30     -25    1.035
    102     4    76     7.0     30     -25    1.035
    107     1    80    17.2     60       0    1.025
    107     2    80    17.2     60       0    1.025
    107     3    80    17.2     60       0    1.025
    113     1    95.1  40.7     80       0    1.020
    113     2    95.1  40.7     80       0    1.020
    113     3    95.1  40.7     80       0    1.020
    114     1     0    13.7    200     -50    0.980
    115     1    12     0        6       0    1.014
    115     2    12     0        6       0    1.014
    115     3    12     0        6       0    1.014
    115     4    12     0        6       0    1.014
    115     5    12     0        6       0    1.014
    115     6   155     0.05    80     -50    1.014
    116     1   155    25.22    80     -50    1.017
    118     1   400   137.4    200     -50    1.050
    121     1   400   108.2    200     -50    1.050
    122     1    50    -4.96    16     -10    1.050
    122     2    50    -4.96    16     -10    1.050
    122     3    50    -4.96    16     -10    1.050
    122     4    50    -4.96    16     -10    1.050
    122     5    50    -4.96    16     -10    1.050
    122     6    50    -4.96    16     -10    1.050
    123     1   155    31.79    80     -50    1.050
    123     2   155    31.79    80     -50    1.050
    123     3   350    71.78   150     -25    1.050
    201     1    10     0       10       0    1.035
    201     2    10     0       10       0    1.035
    201     3    76    14.1     30     -25    1.035
    201     4    76    14.1     30     -25    1.035
    202     1    10     0       10       0    1.035
    202     2    10     0       10       0    1.035
    202     3    76     7.0     30     -25    1.035
    202     4    76     7.0     30     -25    1.035
    207     1    80    17.2     60       0    1.025
    207     2    80    17.2     60       0    1.025
    207     3    80    17.2     60       0    1.025
    213     1    95.1  40.7     80       0    1.020
    213     2    95.1  40.7     80       0    1.020
    213     3    95.1  40.7     80       0    1.020
    214     1     0    13.68   200     -50    0.980
    215     1    12     0        6       0    1.014
    215     2    12     0        6       0    1.014
    215     3    12     0        6       0    1.014
    215     4    12     0        6       0    1.014
    215     5    12     0        6       0    1.014
    215     6   155     0.048   80     -50    1.014
    216     1   155    25.22    80     -50    1.017
    218     1   400   137.4    200     -50    1.050
    221     1   400   108.2    200     -50    1.050
    222     1    50    -4.96    16     -10    1.050
    222     2    50    -4.96    16     -10    1.050
    222     3    50    -4.96    16     -10    1.050
    222     4    50    -4.96    16     -10    1.050
    222     5    50    -4.96    16     -10    1.050
    222     6    50    -4.96    16     -10    1.050
    223     1   155    31.79    80     -50    1.050
    223     2   155    31.79    80     -50    1.050
    223     3   350    71.78   150     -25    1.050
    301     1    10     0       10       0    1.035
    301     2    10     0       10       0    1.035
    301     3    76    14.1     30     -25    1.035
    301     4    76    14.1     30     -25    1.035
    302     1    10     0       10       0    1.035
    302     2    10     0       10       0    1.035
    302     3    76     7.0     30     -25    1.035
    302     4    76     7.0     30     -25    1.035
    307     1    80    17.2     60       0    1.025
    307     2    80    17.2     60       0    1.025
    307     3    80    17.2     60       0    1.025
    313     1    95.1  40.7     80       0    1.02    
